0.004038500000007161
0.16829079999999408
0.2669691000000114
0.40642239999999674
0.5089039000000071
0.7185296999999764
1.071071399999994
1.0361204999999813
1.2227844999999888
1.3571007999999836
1.2758838000000026
1.2786087000000066
1.330862599999989
1.902051699999987
1.7626050000000077
2.0277858000000037
2.328352700000039
2.402016299999957
2.1338834999999676
2.4464055999999914
2.5291611000000103
0.004134700000008706
0.11691820000004327
0.3205017999999882
0.5536056000000258
0.6278573000000165
0.6972054000000298
0.7168561999999952
0.9337181999999871
0.9018709000000058
1.1458523000000014
1.1119042000000263
1.6693169000000125
1.5175132999999619
1.7584031000000095
1.9877003999999943
1.829461399999957
1.7662395000000402
2.05813169999999
2.3285922999999684
2.8703709000000117
2.4305557000000135
0.005007399999954032
0.15617970000005243
0.20363670000006096
0.341114399999924
0.5443026000000373
0.5679801999999654
0.6654101999999966
0.8990013999999746
0.9415174000000661
1.0698472999999922
1.2792216999999937
1.7239995999999564
1.5471016999999847
1.559684500000003
1.6210158999999749
1.6312964999999622
1.9951935000000276
2.2514098999999987
2.299711900000034
2.0930942999999615
2.5133193000000347
0.003521800000044095
0.12144019999993816
0.23569150000002992
0.38349299999993036
0.5907390999999507
0.8333748000000014
0.8682483000000047
1.0635988999999881
1.2421416999999337
1.4374197999999296
1.5479512000000568
1.427424799999926
1.48301529999992
1.5315886000000773
1.6470960999999988
1.48372889999996
1.986731099999929
1.9458759000000327
1.8466176000000587
1.9682200000000876
2.1282836999999972
